2008|1|A|0|2500||2,500 pertama|0|0|0|0|F
2008|2|B|2501|5000||2,500 berikutnya|0|1|25|25|M
2008|3|C|5001|10000|5,000 pertama|5,000 berikutnya|100|3|25|150|M
2008|4|D|10001|20000|10,000 pertama|10,000 berikutnya|100|3|175|300|M
2008|5|E|20001|35000|20,000 pertama|15,000 berikutnya|100|7|475|1050|M
2008|6|F|35001|50000|35,000 pertama|15,000 berikutnya|100|13|1525|1950|M
2008|7|G|50001|70000|50,000 pertama|20,000 berikutnya|100|19|3475|3800|M
2008|8|H|70001|100000|70,000 pertama|30,000 berikutnya|100|24|7275|7200|M
2008|9|I|100001|150000|100,000 pertama|50,000 berikutnya|100|27|14475|13500|M
2008|10|J|150001|250000|150,000 pertama|100,000 berikutnya|100|27|27975|27000|M
2008|11|K|250001|9999999999|250,000 pertama|Setiap ringgit berikutnya|100|28|54975|9999999999|L
2009|1|A|0|2500||2,500 pertama|0|0|0|0|F
2009|2|B|2501|5000||2,500 berikutnya|0|1|25|25|M
2009|3|C|5001|10000|5,000 pertama|5,000 berikutnya|100|3|25|150|M
2009|4|D|10001|20000|10,000 pertama|10,000 berikutnya|100|3|175|300|M
2009|5|E|20001|35000|20,000 pertama|15,000 berikutnya|100|7|475|1050|M
2009|6|F|35001|50000|35,000 pertama|15,000 berikutnya|100|12|1525|1800|M
2009|7|G|50001|70000|50,000 pertama|20,000 berikutnya|100|19|3325|3800|M
2009|8|H|70001|100000|70,000 pertama|30,000 berikutnya|100|24|7125|7200|M
2009|9|I|100001|150000|100,000 pertama|50,000 berikutnya|100|27|14325|13500|M
2009|10|J|150001|250000|150,000 pertama|100,000 berikutnya|100|27|27825|27000|M
2009|11|K|250001|9999999999|250,000 pertama|Setiap ringgit berikutnya|100|27|54825|9999999999|L
2010|1|A|0|2500||2,500 pertama|0|0|0|0|F
2010|2|B|2501|5000||2,500 berikutnya|0|1|25|25|M
2010|3|C|5001|10000|5,000 pertama|5,000 berikutnya|100|3|25|150|M
2010|4|D|10001|20000|10,000 pertama|10,000 berikutnya|100|3|175|300|M
2010|5|E|20001|35000|20,000 pertama|15,000 berikutnya|100|7|475|1050|M
2010|6|F|35001|50000|35,000 pertama|15,000 berikutnya|100|12|1525|1800|M
2010|7|G|50001|70000|50,000 pertama|20,000 berikutnya|100|19|3325|3800|M
2010|8|H|70001|100000|70,000 pertama|30,000 berikutnya|100|24|7125|7200|M
2010|11|K|100001|9999999999|100,000 pertama|Setiap ringgit berikutnya|100|26|14325|9999999999|L
2013|1|A|0|2500||2,500 pertama|0|0|0|0|F
2013|2|B|2501|5000||2,500 berikutnya|0|0|0|0|M
2013|3|C|5001|10000|5,000 pertama|5,000 berikutnya|100|2|0|100|M
2013|4|D|10001|20000|10,000 pertama|10,000 berikutnya|100|2|100|200|M
2013|5|E|20001|35000|20,000 pertama|15,000 berikutnya|100|6|300|900|M
2013|6|F|35001|50000|35,000 pertama|15,000 berikutnya|100|11|1200|1650|M
2013|7|G|50001|70000|50,000 pertama|20,000 berikutnya|100|19|2850|3800|M
2013|8|H|70001|100000|70,000 pertama|30,000 berikutnya|100|24|6650|7200|M
2013|11|K|100001|9999999999|100,000 pertama|Setiap ringgit berikutnya|100|26|13850|9999999999|L
2015|1|A|0|5000||5,000 pertama|0|0|0|0|F
2015|2|B|5001|10000|5,000 pertama|5,000 berikutnya|100|1|0|50|M
2015|3|B|10001|20000|10,000 pertama|10,000 berikutnya|100|1|0|150|M
2015|4|C|20001|35000|20,000 pertama|15,000 berikutnya|100|5|150|750|M
2015|5|D|35001|50000|35,000 pertama|15,000 berikutnya|100|10|900|1500|M
2015|6|E|50001|70000|50,000 pertama|20,000 berikutnya|100|16|2400|3200|M
2015|7|F|70001|100000|70,000 pertama|30,000 berikutnya|100|21|5600|6300|M
2015|8|G|100001|250000|100,000 pertama|150,000 berikutnya|100|24|11900|36000|M
2015|9|H|250001|400000|250,000 pertama|150,000 berikutnya|100|24.5|47900|36750|M
2015|10|I|400001|9999999999|400,000 pertama|Setiap ringgit berikutnya|100|25|84650|9999999999|L